# Made in Blockbench 4.1.5
mtllib model.mtl

o Pelvis
v 0.5625 2.0468722280948546 1.2236251764094859
v 0.5625 1.5450396073585222 0.5068343974754204
v 0.5625 1.534878814570522 1.5820770483640092
v 0.5625 1.0330461938341897 0.8652862694299435
v -0.5625 1.5450396073585222 0.5068343974754204
v -0.5625 2.0468722280948546 1.2236251764094859
v -0.5625 1.0330461938341897 0.8652862694299435
v -0.5625 1.534878814570522 1.5820770483640092
vt 0.0546875 0.83984375
vt 0.125 0.83984375
vt 0.125 0.80078125
vt 0.0546875 0.80078125
vt 0 0.83984375
vt 0.0546875 0.83984375
vt 0.0546875 0.80078125
vt 0 0.80078125
vt 0.1796875 0.83984375
vt 0.25 0.83984375
vt 0.25 0.80078125
vt 0.1796875 0.80078125
vt 0.125 0.83984375
vt 0.1796875 0.83984375
vt 0.1796875 0.80078125
vt 0.125 0.80078125
vt 0.125 0.83984375
vt 0.0546875 0.83984375
vt 0.0546875 0.89453125
vt 0.125 0.89453125
vt 0.1953125 0.89453125
vt 0.125 0.89453125
vt 0.125 0.83984375
vt 0.1953125 0.83984375
vn 0 -0.5735229951272369 -0.8191894616389321
vn 1 0 0
vn 0 0.5735229951272369 0.8191894616389321
vn -1 0 0
vn 0 0.8191894616389321 -0.5735229951272369
vn 0 -0.8191894616389321 0.5735229951272369
usemtl none
f 4/4/1 7/3/1 5/2/1 2/1/1
f 3/8/2 4/7/2 2/6/2 1/5/2
f 8/12/3 3/11/3 1/10/3 6/9/3
f 7/16/4 8/15/4 6/14/4 5/13/4
f 6/20/5 1/19/5 2/18/5 5/17/5
f 7/24/6 4/23/6 3/22/6 8/21/6
o Pelvis
v 0.5 1.8574290168421026 1.2799613966434098
v 0.5 1.3555963961057702 0.5631706177093441
v 0.5 1.4478342860226365 1.5667228942070281
v 0.5 0.9460016652863041 0.8499321152729625
v -0.5 1.3555963961057702 0.5631706177093441
v -0.5 1.8574290168421026 1.2799613966434098
v -0.5 0.9460016652863041 0.8499321152729625
v -0.5 1.4478342860226365 1.5667228942070281
vt 0.2734375 0.71484375
vt 0.3359375 0.71484375
vt 0.3359375 0.68359375
vt 0.2734375 0.68359375
vt 0.21875 0.71484375
vt 0.2734375 0.71484375
vt 0.2734375 0.68359375
vt 0.21875 0.68359375
vt 0.390625 0.71484375
vt 0.453125 0.71484375
vt 0.453125 0.68359375
vt 0.390625 0.68359375
vt 0.3359375 0.71484375
vt 0.390625 0.71484375
vt 0.390625 0.68359375
vt 0.3359375 0.68359375
vt 0.3359375 0.71484375
vt 0.2734375 0.71484375
vt 0.2734375 0.76953125
vt 0.3359375 0.76953125
vt 0.3984375 0.76953125
vt 0.3359375 0.76953125
vt 0.3359375 0.71484375
vt 0.3984375 0.71484375
vn 0 -0.5735229951272369 -0.8191894616389321
vn 1 0 0
vn 0 0.5735229951272369 0.8191894616389321
vn -1 0 0
vn 0 0.8191894616389321 -0.5735229951272369
vn 0 -0.8191894616389321 0.5735229951272369
usemtl none
f 12/28/7 15/27/7 13/26/7 10/25/7
f 11/32/8 12/31/8 10/30/8 9/29/8
f 16/36/9 11/35/9 9/34/9 14/33/9
f 15/40/10 16/39/10 14/38/10 13/37/10
f 14/44/11 9/43/11 10/42/11 13/41/11
f 15/48/12 12/47/12 11/46/12 16/45/12
o Pelvis
v 0.1875 1.8881373251560645 1.1058723395476386
v 0.1875 1.4221498916151845 0.4402809019660062
v 0.1875 1.2737452289268654 1.5360145858930663
v 0.1875 0.8077577953859854 0.870423148311434
v -0.1875 1.4221498916151845 0.4402809019660062
v -0.1875 1.8881373251560645 1.1058723395476386
v -0.1875 0.8077577953859854 0.870423148311434
v -0.1875 1.2737452289268654 1.5360145858930663
vt 0.515625 0.90625
vt 0.5390625 0.90625
vt 0.5390625 0.859375
vt 0.515625 0.859375
vt 0.46484375 0.90625
vt 0.515625 0.90625
vt 0.515625 0.859375
vt 0.46484375 0.859375
vt 0.58984375 0.90625
vt 0.61328125 0.90625
vt 0.61328125 0.859375
vt 0.58984375 0.859375
vt 0.5390625 0.90625
vt 0.58984375 0.90625
vt 0.58984375 0.859375
vt 0.5390625 0.859375
vt 0.5390625 0.90625
vt 0.515625 0.90625
vt 0.515625 0.95703125
vt 0.5390625 0.95703125
vt 0.5625 0.95703125
vt 0.5390625 0.95703125
vt 0.5390625 0.90625
vt 0.5625 0.90625
vn 0 -0.5735229951272369 -0.8191894616389321
vn 1 0 0
vn 0 0.5735229951272369 0.8191894616389321
vn -1 0 0
vn 0 0.8191894616389321 -0.5735229951272369
vn 0 -0.8191894616389321 0.5735229951272369
usemtl none
f 20/52/13 23/51/13 21/50/13 18/49/13
f 19/56/14 20/55/14 18/54/14 17/53/14
f 24/60/15 19/59/15 17/58/15 22/57/15
f 23/64/16 24/63/16 22/62/16 21/61/16
f 22/68/17 17/67/17 18/66/17 21/65/17
f 23/72/18 20/71/18 19/70/18 24/69/18
o Pelvis
v 0.625 1.959827699546969 1.208271022252505
v 0.625 1.5296854532015414 0.5938789260233059
v 0.625 1.550232968727503 1.4950325198161236
v 0.625 1.1200907223820753 0.8806404235869245
v -0.625 1.5296854532015414 0.5938789260233059
v -0.625 1.959827699546969 1.208271022252505
v -0.625 1.1200907223820753 0.8806404235869245
v -0.625 1.550232968727503 1.4950325198161236
vt 0.25 0.80078125
vt 0.328125 0.80078125
vt 0.328125 0.76953125
vt 0.25 0.76953125
vt 0.203125 0.80078125
vt 0.25 0.80078125
vt 0.25 0.76953125
vt 0.203125 0.76953125
vt 0.375 0.80078125
vt 0.453125 0.80078125
vt 0.453125 0.76953125
vt 0.375 0.76953125
vt 0.328125 0.80078125
vt 0.375 0.80078125
vt 0.375 0.76953125
vt 0.328125 0.76953125
vt 0.328125 0.80078125
vt 0.25 0.80078125
vt 0.25 0.84765625
vt 0.328125 0.84765625
vt 0.40625 0.84765625
vt 0.328125 0.84765625
vt 0.328125 0.80078125
vt 0.40625 0.80078125
vn 0 -0.5735229951272369 -0.8191894616389321
vn 1 0 0
vn 0 0.5735229951272369 0.8191894616389321
vn -1 0 0
vn 0 0.8191894616389321 -0.5735229951272369
vn 0 -0.8191894616389321 0.5735229951272369
usemtl none
f 28/76/19 31/75/19 29/74/19 26/73/19
f 27/80/20 28/79/20 26/78/20 25/77/20
f 32/84/21 27/83/21 25/82/21 30/81/21
f 31/88/22 32/87/22 30/86/22 29/85/22
f 30/92/23 25/91/23 26/90/23 29/89/23
f 31/96/24 28/95/24 27/94/24 32/93/24
o UpperLeftLeg
v -0.7625 0.9437976611167918 1.1147908302392882
v -0.7625 1.1813392997790573 0.7034528063445286
v -0.7625 0.7489533340087478 1.0022711066624255
v -0.7625 0.9864949726710133 0.5909330827676659
v -1.05 1.1813392997790573 0.7034528063445286
v -1.05 0.9437976611167918 1.1147908302392882
v -1.05 0.9864949726710133 0.5909330827676659
v -1.05 0.7489533340087478 1.0022711066624255
vt 0.68359375 0.4140625
vt 0.703125 0.4140625
vt 0.703125 0.3984375
vt 0.68359375 0.3984375
vt 0.65234375 0.4140625
vt 0.68359375 0.4140625
vt 0.68359375 0.3984375
vt 0.65234375 0.3984375
vt 0.734375 0.4140625
vt 0.75390625 0.4140625
vt 0.75390625 0.3984375
vt 0.734375 0.3984375
vt 0.703125 0.4140625
vt 0.734375 0.4140625
vt 0.734375 0.3984375
vt 0.703125 0.3984375
vt 0.703125 0.4140625
vt 0.68359375 0.4140625
vt 0.68359375 0.4453125
vt 0.703125 0.4453125
vt 0.72265625 0.4453125
vt 0.703125 0.4453125
vt 0.703125 0.4140625
vt 0.72265625 0.4140625
vn 0 0.5000876603416117 -0.8659747871468619
vn 1 0 0
vn 0 -0.5000876603416117 0.8659747871468619
vn -1 0 0
vn 0 0.8659747871468619 0.5000876603416117
vn 0 -0.8659747871468619 -0.5000876603416117
usemtl none
f 36/100/25 39/99/25 37/98/25 34/97/25
f 35/104/26 36/103/26 34/102/26 33/101/26
f 40/108/27 35/107/27 33/106/27 38/105/27
f 39/112/28 40/111/28 38/110/28 37/109/28
f 38/116/29 33/115/29 34/114/29 37/113/29
f 39/120/30 36/119/30 35/118/30 40/117/30
o bone8
v -0.49569689653051635 1.6487403492745811 1.5611974639351893
v -0.49569689653051635 1.9925506157594393 0.9658397977717217
v -0.7059878511405226 0.9691106886562884 1.1687213642589456
v -0.7059878511405226 1.3129209551411465 0.5733636980954782
v -1.099400438930296 2.132632665495832 1.046735114296277
v -1.099400438930296 1.788822399010974 1.642092780459745
v -1.3096913935403025 1.4530030048775393 0.6542590146200336
v -1.3096913935403025 1.1091927383926812 1.2496166807835012
vt 0.36328125 0.546875
vt 0.40234375 0.546875
vt 0.40234375 0.49609375
vt 0.36328125 0.49609375
vt 0.3203125 0.546875
vt 0.36328125 0.546875
vt 0.36328125 0.49609375
vt 0.3203125 0.49609375
vt 0.4453125 0.546875
vt 0.484375 0.546875
vt 0.484375 0.49609375
vt 0.4453125 0.49609375
vt 0.40234375 0.546875
vt 0.4453125 0.546875
vt 0.4453125 0.49609375
vt 0.40234375 0.49609375
vt 0.40234375 0.546875
vt 0.36328125 0.546875
vt 0.36328125 0.58984375
vt 0.40234375 0.58984375
vt 0.44140625 0.58984375
vt 0.40234375 0.58984375
vt 0.40234375 0.546875
vt 0.44140625 0.546875
vn 0 0.5000876603416117 -0.8659747871468619
vn 0.9659256678396478 -0.22413127957822843 -0.12943250643928875
vn 0 -0.5000876603416117 0.8659747871468619
vn -0.9659256678396478 0.22413127957822843 0.12943250643928875
vn 0.25881963644308476 0.8364672746071296 0.4830475072938383
vn -0.25881963644308476 -0.8364672746071296 -0.4830475072938383
usemtl none
f 44/124/31 47/123/31 45/122/31 42/121/31
f 43/128/32 44/127/32 42/126/32 41/125/32
f 48/132/33 43/131/33 41/130/33 46/129/33
f 47/136/34 48/135/34 46/134/34 45/133/34
f 46/140/35 41/139/35 42/138/35 45/137/35
f 47/144/36 44/143/36 43/142/36 48/141/36
o bone9
v -0.6439948937601017 1.5196161322794937 1.4769589518523376
v -0.6439948937601017 1.8009154412216501 0.9898481340822278
v -0.7418897655364061 0.8756914686319442 1.105101961026171
v -0.7418897655364061 1.1569907775741008 0.6179911432560612
v -1.0777520031311947 1.8503672274920486 1.0184058108907592
v -1.0777520031311947 1.5690679185498921 1.5055166286608692
v -1.1756468749074989 1.2064425638444993 0.6465488200645928
v -1.1756468749074989 0.9251432549023427 1.1336596378347026
vt 0.421875 0.41015625
vt 0.44921875 0.41015625
vt 0.44921875 0.36328125
vt 0.421875 0.36328125
vt 0.38671875 0.41015625
vt 0.421875 0.41015625
vt 0.421875 0.36328125
vt 0.38671875 0.36328125
vt 0.484375 0.41015625
vt 0.51171875 0.41015625
vt 0.51171875 0.36328125
vt 0.484375 0.36328125
vt 0.44921875 0.41015625
vt 0.484375 0.41015625
vt 0.484375 0.36328125
vt 0.44921875 0.36328125
vt 0.44921875 0.41015625
vt 0.421875 0.41015625
vt 0.421875 0.4453125
vt 0.44921875 0.4453125
vt 0.4765625 0.4453125
vt 0.44921875 0.4453125
vt 0.44921875 0.41015625
vt 0.4765625 0.41015625
vn 0 0.5000876603416117 -0.865974787146862
vn 0.9914448214196411 -0.11303265433233935 -0.06527468984807216
vn 0 -0.5000876603416117 0.865974787146862
vn -0.9914448214196411 0.11303265433233935 0.06527468984807216
vn 0.1305264957017392 0.8585662181967323 0.49580932110155534
vn -0.1305264957017392 -0.8585662181967323 -0.49580932110155534
usemtl none
f 52/148/37 55/147/37 53/146/37 50/145/37
f 51/152/38 52/151/38 50/150/38 49/149/38
f 56/156/39 51/155/39 49/154/39 54/153/39
f 55/160/40 56/159/40 54/158/40 53/157/40
f 54/164/41 49/163/41 50/162/41 53/161/41
f 55/168/42 52/167/42 51/166/42 56/165/42
o LowerLeftLeg
v -0.825 1.07917904753879 0.9176681896205487
v -0.825 0.9808660467968354 0.6475000866085305
v -0.825 0.3978855703780485 1.1655879306219994
v -0.825 0.29957256963609397 0.8954198276099811
v -0.9875 0.9808660467968354 0.6475000866085305
v -0.9875 1.07917904753879 0.9176681896205487
v -0.9875 0.29957256963609397 0.8954198276099811
v -0.9875 0.3978855703780485 1.1655879306219994
vt 0.109375 0.34765625
vt 0.12109375 0.34765625
vt 0.12109375 0.30078125
vt 0.109375 0.30078125
vt 0.08984375 0.34765625
vt 0.109375 0.34765625
vt 0.109375 0.30078125
vt 0.08984375 0.30078125
vt 0.140625 0.34765625
vt 0.15234375 0.34765625
vt 0.15234375 0.30078125
vt 0.140625 0.30078125
vt 0.12109375 0.34765625
vt 0.140625 0.34765625
vt 0.140625 0.30078125
vt 0.12109375 0.30078125
vt 0.12109375 0.34765625
vt 0.109375 0.34765625
vt 0.109375 0.3671875
vt 0.12109375 0.3671875
vt 0.1328125 0.3671875
vt 0.12109375 0.3671875
vt 0.12109375 0.34765625
vt 0.1328125 0.34765625
vn 0 -0.34195826345027663 -0.9397151409113675
vn 1 0 0
vn 0 0.34195826345027663 0.9397151409113675
vn -1 0 0
vn 0 0.9397151409113675 -0.34195826345027663
vn 0 -0.9397151409113675 0.34195826345027663
usemtl none
f 60/172/43 63/171/43 61/170/43 58/169/43
f 59/176/44 60/175/44 58/174/44 57/173/44
f 64/180/45 59/179/45 57/178/45 62/177/45
f 63/184/46 64/183/46 62/182/46 61/181/46
f 62/188/47 57/187/47 58/186/47 61/185/47
f 63/192/48 60/191/48 59/190/48 64/189/48
o LeftFoot
v -0.625 0.43101139786469983 1.1709508552102341
v -0.625 0.4310551478646269 0.7334508573977341
v -0.625 -0.0064885999478002665 1.1709071052103068
v -0.625 -0.006444849947873088 0.733407107397807
v -1.1875 0.4310551478646269 0.7334508573977341
v -1.1875 0.43101139786469983 1.1709508552102341
v -1.1875 -0.006444849947873088 0.733407107397807
v -1.1875 -0.0064885999478002665 1.1709071052103068
vt 0.51171875 0.35546875
vt 0.546875 0.35546875
vt 0.546875 0.328125
vt 0.51171875 0.328125
vt 0.484375 0.35546875
vt 0.51171875 0.35546875
vt 0.51171875 0.328125
vt 0.484375 0.328125
vt 0.57421875 0.35546875
vt 0.609375 0.35546875
vt 0.609375 0.328125
vt 0.57421875 0.328125
vt 0.546875 0.35546875
vt 0.57421875 0.35546875
vt 0.57421875 0.328125
vt 0.546875 0.328125
vt 0.546875 0.35546875
vt 0.51171875 0.35546875
vt 0.51171875 0.3828125
vt 0.546875 0.3828125
vt 0.58203125 0.3828125
vt 0.546875 0.3828125
vt 0.546875 0.35546875
vt 0.58203125 0.35546875
vn 0 0.00009999999983340002 -0.999999995
vn 1 0 0
vn 0 -0.00009999999983340002 0.999999995
vn -1 0 0
vn 0 0.999999995 0.00009999999983340002
vn 0 -0.999999995 -0.00009999999983340002
usemtl none
f 68/196/49 71/195/49 69/194/49 66/193/49
f 67/200/50 68/199/50 66/198/50 65/197/50
f 72/204/51 67/203/51 65/202/51 70/201/51
f 71/208/52 72/207/52 70/206/52 69/205/52
f 70/212/53 65/211/53 66/210/53 69/209/53
f 71/216/54 68/215/54 67/214/54 72/213/54
o LeftFoot
v -0.6875 0.31230514845837676 0.7334389823977538
v -0.6875 0.31231139845836636 0.6709389827102539
v -0.6875 -0.00019484997912322388 0.7334077323978059
v -0.6875 -0.00018859997913367454 0.6709077327103059
v -1.125 0.31231139845836636 0.6709389827102539
v -1.125 0.31230514845837676 0.7334389823977538
v -1.125 -0.00018859997913367454 0.6709077327103059
v -1.125 -0.00019484997912322388 0.7334077323978059
vt 0.26171875 0.5078125
vt 0.2890625 0.5078125
vt 0.2890625 0.48828125
vt 0.26171875 0.48828125
vt 0.2578125 0.5078125
vt 0.26171875 0.5078125
vt 0.26171875 0.48828125
vt 0.2578125 0.48828125
vt 0.29296875 0.5078125
vt 0.3203125 0.5078125
vt 0.3203125 0.48828125
vt 0.29296875 0.48828125
vt 0.2890625 0.5078125
vt 0.29296875 0.5078125
vt 0.29296875 0.48828125
vt 0.2890625 0.48828125
vt 0.2890625 0.5078125
vt 0.26171875 0.5078125
vt 0.26171875 0.51171875
vt 0.2890625 0.51171875
vt 0.31640625 0.51171875
vt 0.2890625 0.51171875
vt 0.2890625 0.5078125
vt 0.31640625 0.5078125
vn 0 0.00009999999983340002 -0.999999995
vn 1 0 0
vn 0 -0.00009999999983340002 0.999999995
vn -1 0 0
vn 0 0.999999995 0.00009999999983340002
vn 0 -0.999999995 -0.00009999999983340002
usemtl none
f 76/220/55 79/219/55 77/218/55 74/217/55
f 75/224/56 76/223/56 74/222/56 73/221/56
f 80/228/57 75/227/57 73/226/57 78/225/57
f 79/232/58 80/231/58 78/230/58 77/229/58
f 78/236/59 73/235/59 74/234/59 77/233/59
f 79/240/60 76/239/60 75/238/60 80/237/60
o UpperLeftLeg2
v 1.05 0.9437976611167918 1.1147908302392882
v 1.05 1.1813392997790573 0.7034528063445286
v 1.05 0.7489533340087478 1.0022711066624255
v 1.05 0.9864949726710133 0.5909330827676659
v 0.7625 1.1813392997790573 0.7034528063445286
v 0.7625 0.9437976611167918 1.1147908302392882
v 0.7625 0.9864949726710133 0.5909330827676659
v 0.7625 0.7489533340087478 1.0022711066624255
vt 0.390625 0.33203125
vt 0.41015625 0.33203125
vt 0.41015625 0.31640625
vt 0.390625 0.31640625
vt 0.359375 0.33203125
vt 0.390625 0.33203125
vt 0.390625 0.31640625
vt 0.359375 0.31640625
vt 0.44140625 0.33203125
vt 0.4609375 0.33203125
vt 0.4609375 0.31640625
vt 0.44140625 0.31640625
vt 0.41015625 0.33203125
vt 0.44140625 0.33203125
vt 0.44140625 0.31640625
vt 0.41015625 0.31640625
vt 0.41015625 0.33203125
vt 0.390625 0.33203125
vt 0.390625 0.36328125
vt 0.41015625 0.36328125
vt 0.4296875 0.36328125
vt 0.41015625 0.36328125
vt 0.41015625 0.33203125
vt 0.4296875 0.33203125
vn 0 0.5000876603416117 -0.8659747871468619
vn 1 0 0
vn 0 -0.5000876603416117 0.8659747871468619
vn -1 0 0
vn 0 0.8659747871468619 0.5000876603416117
vn 0 -0.8659747871468619 -0.5000876603416117
usemtl none
f 84/244/61 87/243/61 85/242/61 82/241/61
f 83/248/62 84/247/62 82/246/62 81/245/62
f 88/252/63 83/251/63 81/250/63 86/249/63
f 87/256/64 88/255/64 86/254/64 85/253/64
f 86/260/65 81/259/65 82/258/65 85/257/65
f 87/264/66 84/263/66 83/262/66 88/261/66
o bone10
v 1.099400438930296 1.788822399010974 1.642092780459745
v 1.099400438930296 2.132632665495832 1.046735114296277
v 1.3096913935403025 1.1091927383926812 1.2496166807835012
v 1.3096913935403025 1.4530030048775393 0.6542590146200336
v 0.49569689653051635 1.9925506157594393 0.9658397977717217
v 0.49569689653051635 1.6487403492745811 1.5611974639351893
v 0.7059878511405226 1.3129209551411465 0.5733636980954782
v 0.7059878511405226 0.9691106886562884 1.1687213642589456
vt 0.39453125 0.95703125
vt 0.43359375 0.95703125
vt 0.43359375 0.90625
vt 0.39453125 0.90625
vt 0.3515625 0.95703125
vt 0.39453125 0.95703125
vt 0.39453125 0.90625
vt 0.3515625 0.90625
vt 0.4765625 0.95703125
vt 0.515625 0.95703125
vt 0.515625 0.90625
vt 0.4765625 0.90625
vt 0.43359375 0.95703125
vt 0.4765625 0.95703125
vt 0.4765625 0.90625
vt 0.43359375 0.90625
vt 0.43359375 0.95703125
vt 0.39453125 0.95703125
vt 0.39453125 1
vt 0.43359375 1
vt 0.47265625 1
vt 0.43359375 1
vt 0.43359375 0.95703125
vt 0.47265625 0.95703125
vn 0 0.5000876603416117 -0.8659747871468619
vn 0.9659256678396478 0.22413127957822843 0.12943250643928875
vn 0 -0.5000876603416117 0.8659747871468619
vn -0.9659256678396478 -0.22413127957822843 -0.12943250643928875
vn -0.25881963644308476 0.8364672746071296 0.4830475072938383
vn 0.25881963644308476 -0.8364672746071296 -0.4830475072938383
usemtl none
f 92/268/67 95/267/67 93/266/67 90/265/67
f 91/272/68 92/271/68 90/270/68 89/269/68
f 96/276/69 91/275/69 89/274/69 94/273/69
f 95/280/70 96/279/70 94/278/70 93/277/70
f 94/284/71 89/283/71 90/282/71 93/281/71
f 95/288/72 92/287/72 91/286/72 96/285/72
o bone11
v 1.0777520031311947 1.5690679185498921 1.5055166286608692
v 1.0777520031311947 1.8503672274920486 1.0184058108907592
v 1.1756468749074989 0.9251432549023427 1.1336596378347026
v 1.1756468749074989 1.2064425638444993 0.6465488200645928
v 0.6439948937601017 1.8009154412216501 0.9898481340822278
v 0.6439948937601017 1.5196161322794937 1.4769589518523376
v 0.7418897655364061 1.1569907775741008 0.6179911432560612
v 0.7418897655364061 0.8756914686319442 1.105101961026171
vt 0.53515625 0.58984375
vt 0.5625 0.58984375
vt 0.5625 0.54296875
vt 0.53515625 0.54296875
vt 0.5 0.58984375
vt 0.53515625 0.58984375
vt 0.53515625 0.54296875
vt 0.5 0.54296875
vt 0.59765625 0.58984375
vt 0.625 0.58984375
vt 0.625 0.54296875
vt 0.59765625 0.54296875
vt 0.5625 0.58984375
vt 0.59765625 0.58984375
vt 0.59765625 0.54296875
vt 0.5625 0.54296875
vt 0.5625 0.58984375
vt 0.53515625 0.58984375
vt 0.53515625 0.625
vt 0.5625 0.625
vt 0.58984375 0.625
vt 0.5625 0.625
vt 0.5625 0.58984375
vt 0.58984375 0.58984375
vn 0 0.5000876603416117 -0.865974787146862
vn 0.9914448214196411 0.11303265433233935 0.06527468984807216
vn 0 -0.5000876603416117 0.865974787146862
vn -0.9914448214196411 -0.11303265433233935 -0.06527468984807216
vn -0.1305264957017392 0.8585662181967323 0.49580932110155534
vn 0.1305264957017392 -0.8585662181967323 -0.49580932110155534
usemtl none
f 100/292/73 103/291/73 101/290/73 98/289/73
f 99/296/74 100/295/74 98/294/74 97/293/74
f 104/300/75 99/299/75 97/298/75 102/297/75
f 103/304/76 104/303/76 102/302/76 101/301/76
f 102/308/77 97/307/77 98/306/77 101/305/77
f 103/312/78 100/311/78 99/310/78 104/309/78
o LowerLeftLeg2
v 0.9875 1.07917904753879 0.9176681896205487
v 0.9875 0.9808660467968354 0.6475000866085305
v 0.9875 0.3978855703780485 1.1655879306219994
v 0.9875 0.29957256963609397 0.8954198276099811
v 0.825 0.9808660467968354 0.6475000866085305
v 0.825 1.07917904753879 0.9176681896205487
v 0.825 0.29957256963609397 0.8954198276099811
v 0.825 0.3978855703780485 1.1655879306219994
vt 0.64453125 0.59375
vt 0.65625 0.59375
vt 0.65625 0.546875
vt 0.64453125 0.546875
vt 0.625 0.59375
vt 0.64453125 0.59375
vt 0.64453125 0.546875
vt 0.625 0.546875
vt 0.67578125 0.59375
vt 0.6875 0.59375
vt 0.6875 0.546875
vt 0.67578125 0.546875
vt 0.65625 0.59375
vt 0.67578125 0.59375
vt 0.67578125 0.546875
vt 0.65625 0.546875
vt 0.65625 0.59375
vt 0.64453125 0.59375
vt 0.64453125 0.61328125
vt 0.65625 0.61328125
vt 0.66796875 0.61328125
vt 0.65625 0.61328125
vt 0.65625 0.59375
vt 0.66796875 0.59375
vn 0 -0.34195826345027663 -0.9397151409113675
vn 1 0 0
vn 0 0.34195826345027663 0.9397151409113675
vn -1 0 0
vn 0 0.9397151409113675 -0.34195826345027663
vn 0 -0.9397151409113675 0.34195826345027663
usemtl none
f 108/316/79 111/315/79 109/314/79 106/313/79
f 107/320/80 108/319/80 106/318/80 105/317/80
f 112/324/81 107/323/81 105/322/81 110/321/81
f 111/328/82 112/327/82 110/326/82 109/325/82
f 110/332/83 105/331/83 106/330/83 109/329/83
f 111/336/84 108/335/84 107/334/84 112/333/84
o LeftFoot2
v 1.1875 0.43101139786469983 1.1709508552102341
v 1.1875 0.4310551478646269 0.7334508573977341
v 1.1875 -0.0064885999478002665 1.1709071052103068
v 1.1875 -0.006444849947873088 0.733407107397807
v 0.625 0.4310551478646269 0.7334508573977341
v 0.625 0.43101139786469983 1.1709508552102341
v 0.625 -0.006444849947873088 0.733407107397807
v 0.625 -0.0064885999478002665 1.1709071052103068
vt 0.640625 0.88671875
vt 0.67578125 0.88671875
vt 0.67578125 0.859375
vt 0.640625 0.859375
vt 0.61328125 0.88671875
vt 0.640625 0.88671875
vt 0.640625 0.859375
vt 0.61328125 0.859375
vt 0.703125 0.88671875
vt 0.73828125 0.88671875
vt 0.73828125 0.859375
vt 0.703125 0.859375
vt 0.67578125 0.88671875
vt 0.703125 0.88671875
vt 0.703125 0.859375
vt 0.67578125 0.859375
vt 0.67578125 0.88671875
vt 0.640625 0.88671875
vt 0.640625 0.9140625
vt 0.67578125 0.9140625
vt 0.7109375 0.9140625
vt 0.67578125 0.9140625
vt 0.67578125 0.88671875
vt 0.7109375 0.88671875
vn 0 0.00009999999983340002 -0.999999995
vn 1 0 0
vn 0 -0.00009999999983340002 0.999999995
vn -1 0 0
vn 0 0.999999995 0.00009999999983340002
vn 0 -0.999999995 -0.00009999999983340002
usemtl none
f 116/340/85 119/339/85 117/338/85 114/337/85
f 115/344/86 116/343/86 114/342/86 113/341/86
f 120/348/87 115/347/87 113/346/87 118/345/87
f 119/352/88 120/351/88 118/350/88 117/349/88
f 118/356/89 113/355/89 114/354/89 117/353/89
f 119/360/90 116/359/90 115/358/90 120/357/90
o LeftFoot2
v 1.125 0.31230514845837676 0.7334389823977538
v 1.125 0.31231139845836636 0.6709389827102539
v 1.125 -0.00019484997912322388 0.7334077323978059
v 1.125 -0.00018859997913367454 0.6709077327103059
v 0.6875 0.31231139845836636 0.6709389827102539
v 0.6875 0.31230514845837676 0.7334389823977538
v 0.6875 -0.00018859997913367454 0.6709077327103059
v 0.6875 -0.00019484997912322388 0.7334077323978059
vt 0.2421875 0.96875
vt 0.26953125 0.96875
vt 0.26953125 0.94921875
vt 0.2421875 0.94921875
vt 0.23828125 0.96875
vt 0.2421875 0.96875
vt 0.2421875 0.94921875
vt 0.23828125 0.94921875
vt 0.2734375 0.96875
vt 0.30078125 0.96875
vt 0.30078125 0.94921875
vt 0.2734375 0.94921875
vt 0.26953125 0.96875
vt 0.2734375 0.96875
vt 0.2734375 0.94921875
vt 0.26953125 0.94921875
vt 0.26953125 0.96875
vt 0.2421875 0.96875
vt 0.2421875 0.97265625
vt 0.26953125 0.97265625
vt 0.296875 0.97265625
vt 0.26953125 0.97265625
vt 0.26953125 0.96875
vt 0.296875 0.96875
vn 0 0.00009999999983340002 -0.999999995
vn 1 0 0
vn 0 -0.00009999999983340002 0.999999995
vn -1 0 0
vn 0 0.999999995 0.00009999999983340002
vn 0 -0.999999995 -0.00009999999983340002
usemtl none
f 124/364/91 127/363/91 125/362/91 122/361/91
f 123/368/92 124/367/92 122/366/92 121/365/92
f 128/372/93 123/371/93 121/370/93 126/369/93
f 127/376/94 128/375/94 126/374/94 125/373/94
f 126/380/95 121/379/95 122/378/95 125/377/95
f 127/384/96 124/383/96 123/382/96 128/381/96
o MidBody
v 0.5 2.651615055331029 0.3378709780567124
v 0.5 2.0372643961761323 -0.09233044871445029
v 0.5 2.0421630340718817 1.2082010785261494
v 0.5 1.4278123749169853 0.7779996517549866
v -0.5 2.0372643961761323 -0.09233044871445029
v -0.5 2.651615055331029 0.3378709780567124
v -0.5 1.4278123749169853 0.7779996517549866
v -0.5 2.0421630340718817 1.2082010785261494
vt 0.046875 0.75390625
vt 0.109375 0.75390625
vt 0.109375 0.6875
vt 0.046875 0.6875
vt 0 0.75390625
vt 0.046875 0.75390625
vt 0.046875 0.6875
vt 0 0.6875
vt 0.15625 0.75390625
vt 0.21875 0.75390625
vt 0.21875 0.6875
vt 0.15625 0.6875
vt 0.109375 0.75390625
vt 0.15625 0.75390625
vt 0.15625 0.6875
vt 0.109375 0.6875
vt 0.109375 0.75390625
vt 0.046875 0.75390625
vt 0.046875 0.80078125
vt 0.109375 0.80078125
vt 0.171875 0.80078125
vt 0.109375 0.80078125
vt 0.109375 0.75390625
vt 0.171875 0.75390625
vn 0 -0.8191342122065288 -0.5736019023615503
vn 1 0 0
vn 0 0.8191342122065288 0.5736019023615503
vn -1 0 0
vn 0 0.5736019023615503 -0.8191342122065288
vn 0 -0.5736019023615503 0.8191342122065288
usemtl none
f 132/388/97 135/387/97 133/386/97 130/385/97
f 131/392/98 132/391/98 130/390/98 129/389/98
f 136/396/99 131/395/99 129/394/99 134/393/99
f 135/400/100 136/399/100 134/398/100 133/397/100
f 134/404/101 129/403/101 130/402/101 133/401/101
f 135/408/102 132/407/102 131/406/102 136/405/102
o MidBackSpike
v 0.0001693368132356099 2.860218788830096 0.6189671585648371
v 0.41559533373067625 2.519930392066388 0.3806788917258348
v 0.0001693368132356099 2.594927908987879 0.9978167317103567
v 0.41559533373067625 2.2546395122241707 0.7595284648713545
v 0.0001708627553249631 2.179640745351308 0.14238974960354733
v -0.4152551341621157 2.5199291421150165 0.3806780164425494
v 0.0001708627553249631 1.914349865509091 0.521239322749067
v -0.4152551341621157 2.2546382622727994 0.7595275895880692
vt 0.546875 0.41015625
vt 0.58203125 0.41015625
vt 0.58203125 0.3828125
vt 0.546875 0.3828125
vt 0.51171875 0.41015625
vt 0.546875 0.41015625
vt 0.546875 0.3828125
vt 0.51171875 0.3828125
vt 0.6171875 0.41015625
vt 0.65234375 0.41015625
vt 0.65234375 0.3828125
vt 0.6171875 0.3828125
vt 0.58203125 0.41015625
vt 0.6171875 0.41015625
vt 0.6171875 0.3828125
vt 0.58203125 0.3828125
vt 0.58203125 0.41015625
vt 0.546875 0.41015625
vt 0.546875 0.4453125
vt 0.58203125 0.4453125
vt 0.6171875 0.4453125
vt 0.58203125 0.4453125
vt 0.58203125 0.41015625
vt 0.6171875 0.41015625
vn 0.7071080798594735 -0.579214292363759 -0.4055970499387271
vn 0.7071054825112364 0.5792164199405612 0.40559853978261706
vn -0.7071080798594735 0.579214292363759 0.4055970499387271
vn -0.7071054825112364 -0.5792164199405612 -0.40559853978261706
vn -2.7755575615628914e-17 0.5736019023615502 -0.8191342122065288
vn 2.7755575615628914e-17 -0.5736019023615502 0.8191342122065288
usemtl none
f 140/412/103 143/411/103 141/410/103 138/409/103
f 139/416/104 140/415/104 138/414/104 137/413/104
f 144/420/105 139/419/105 137/418/105 142/417/105
f 143/424/106 144/423/106 142/422/106 141/421/106
f 142/428/107 137/427/107 138/426/107 141/425/107
f 143/432/108 140/431/108 139/430/108 144/429/108
o MidBackSpike
v -0.10147720616516653 2.7918578214017407 0.6626572138726428
v -0.05728295117394944 2.7556569281290058 0.6373073982514723
v -0.10147720616516653 2.612607226913756 0.9186366551871832
v -0.05728295117394944 2.576406333641021 0.8932868395660127
v -0.41083569242956763 2.4660487181587247 0.4345081283601637
v -0.45502994742078473 2.5022496114314596 0.45985794398133417
v -0.41083569242956763 2.2867981236707404 0.6904875696747041
v -0.45502994742078473 2.3229990169434753 0.7158373852958746
vt 0.48828125 0.85546875
vt 0.51953125 0.85546875
vt 0.51953125 0.8359375
vt 0.48828125 0.8359375
vt 0.484375 0.85546875
vt 0.48828125 0.85546875
vt 0.48828125 0.8359375
vt 0.484375 0.8359375
vt 0.5234375 0.85546875
vt 0.5546875 0.85546875
vt 0.5546875 0.8359375
vt 0.5234375 0.8359375
vt 0.51953125 0.85546875
vt 0.5234375 0.85546875
vt 0.5234375 0.8359375
vt 0.51953125 0.8359375
vt 0.51953125 0.85546875
vt 0.48828125 0.85546875
vt 0.48828125 0.859375
vt 0.51953125 0.859375
vt 0.55078125 0.859375
vt 0.51953125 0.859375
vt 0.51953125 0.85546875
vt 0.55078125 0.85546875
vn 0.7071080798594735 -0.579214292363759 -0.4055970499387271
vn 0.7071054825112364 0.5792164199405612 0.40559853978261706
vn -0.7071080798594735 0.579214292363759 0.4055970499387271
vn -0.7071054825112364 -0.5792164199405612 -0.40559853978261706
vn -2.7755575615628914e-17 0.5736019023615502 -0.8191342122065288
vn 2.7755575615628914e-17 -0.5736019023615502 0.8191342122065288
usemtl none
f 148/436/109 151/435/109 149/434/109 146/433/109
f 147/440/110 148/439/110 146/438/110 145/437/110
f 152/444/111 147/443/111 145/442/111 150/441/111
f 151/448/112 152/447/112 150/446/112 149/445/112
f 150/452/113 145/451/113 146/450/113 149/449/113
f 151/456/114 148/455/114 147/454/114 152/453/114
o MidBackSpike
v 0.0841383076625627 2.7990982925980976 0.6677273818504117
v 0.43769234759229947 2.509491146416218 0.4649288568810481
v 0.0841383076625627 2.619847698110113 0.9237068231649521
v 0.43769234759229947 2.3302405519282336 0.7209082981955885
v 0.3934982549353472 2.473290120169933 0.4395789481446344
v 0.039944215005610406 2.7628972663518123 0.642377473113998
v 0.3934982549353472 2.2940395256819484 0.6955583894591748
v 0.039944215005610406 2.5836466718638276 0.8983569144285384
vt 0.296875 0.58984375
vt 0.30078125 0.58984375
vt 0.30078125 0.5703125
vt 0.296875 0.5703125
vt 0.265625 0.58984375
vt 0.296875 0.58984375
vt 0.296875 0.5703125
vt 0.265625 0.5703125
vt 0.33203125 0.58984375
vt 0.3359375 0.58984375
vt 0.3359375 0.5703125
vt 0.33203125 0.5703125
vt 0.30078125 0.58984375
vt 0.33203125 0.58984375
vt 0.33203125 0.5703125
vt 0.30078125 0.5703125
vt 0.30078125 0.58984375
vt 0.296875 0.58984375
vt 0.296875 0.62109375
vt 0.30078125 0.62109375
vt 0.3046875 0.62109375
vt 0.30078125 0.62109375
vt 0.30078125 0.58984375
vt 0.3046875 0.58984375
vn 0.7071080798594735 -0.579214292363759 -0.4055970499387271
vn 0.7071054825112364 0.5792164199405612 0.40559853978261706
vn -0.7071080798594735 0.579214292363759 0.4055970499387271
vn -0.7071054825112364 -0.5792164199405612 -0.40559853978261706
vn -2.7755575615628914e-17 0.5736019023615502 -0.8191342122065288
vn 2.7755575615628914e-17 -0.5736019023615502 0.8191342122065288
usemtl none
f 156/460/115 159/459/115 157/458/115 154/457/115
f 155/464/116 156/463/116 154/462/116 153/461/116
f 160/468/117 155/467/117 153/466/117 158/465/117
f 159/472/118 160/471/118 158/470/118 157/469/118
f 158/476/119 153/475/119 154/474/119 157/473/119
f 159/480/120 156/479/120 155/478/120 160/477/120
o MidBackSpike
v -0.0011429890586064362 2.4279069239289877 1.0074796112702256
v 0.39660530586234743 2.1020988844743727 0.7793312706796915
v -0.0011429890586064362 2.248656329441003 1.2634590525847655
v 0.39660530586234743 1.9228482899863883 1.0353107119942315
v -0.0011415280502230507 1.7762896482578072 0.5511820920519694
v -0.3988898229711769 2.102097687712422 0.7793304326425033
v -0.0011415280502230507 1.5970390537698227 0.8071615333665096
v -0.3988898229711769 1.9228470932244373 1.0353098739570434
vt 0.14453125 0.38671875
vt 0.1796875 0.38671875
vt 0.1796875 0.3671875
vt 0.14453125 0.3671875
vt 0.109375 0.38671875
vt 0.14453125 0.38671875
vt 0.14453125 0.3671875
vt 0.109375 0.3671875
vt 0.21484375 0.38671875
vt 0.25 0.38671875
vt 0.25 0.3671875
vt 0.21484375 0.3671875
vt 0.1796875 0.38671875
vt 0.21484375 0.38671875
vt 0.21484375 0.3671875
vt 0.1796875 0.3671875
vt 0.1796875 0.38671875
vt 0.14453125 0.38671875
vt 0.14453125 0.421875
vt 0.1796875 0.421875
vt 0.21484375 0.421875
vt 0.1796875 0.421875
vt 0.1796875 0.38671875
vt 0.21484375 0.38671875
vn 0.7071080798594735 -0.579214292363759 -0.4055970499387271
vn 0.7071054825112364 0.5792164199405612 0.40559853978261706
vn -0.7071080798594735 0.579214292363759 0.4055970499387271
vn -0.7071054825112364 -0.5792164199405612 -0.40559853978261706
vn -2.7755575615628914e-17 0.5736019023615502 -0.8191342122065288
vn 2.7755575615628914e-17 -0.5736019023615502 0.8191342122065288
usemtl none
f 164/484/121 167/483/121 165/482/121 162/481/121
f 163/488/122 164/487/122 162/486/122 161/485/122
f 168/492/123 163/491/123 161/490/123 166/489/123
f 167/496/124 168/495/124 166/494/124 165/493/124
f 166/500/125 161/499/125 162/498/125 165/497/125
f 167/504/126 164/503/126 163/502/126 168/501/126
o UpperBody
v 0.5625 2.5592325308570985 -0.3396316644394508
v 0.5625 1.685064209212108 -0.3014905392281997
v 0.5625 2.5646812630301348 -0.21475047563302363
v 0.5625 1.690512941385144 -0.1766093504217725
v -0.5625 1.685064209212108 -0.3014905392281997
v -0.5625 2.5592325308570985 -0.3396316644394508
v -0.5625 1.690512941385144 -0.1766093504217725
v -0.5625 2.5646812630301348 -0.21475047563302363
vt 0.17578125 0.62890625
vt 0.24609375 0.62890625
vt 0.24609375 0.62109375
vt 0.17578125 0.62109375
vt 0.12109375 0.62890625
vt 0.17578125 0.62890625
vt 0.17578125 0.62109375
vt 0.12109375 0.62109375
vt 0.30078125 0.62890625
vt 0.37109375 0.62890625
vt 0.37109375 0.62109375
vt 0.30078125 0.62109375
vt 0.24609375 0.62890625
vt 0.30078125 0.62890625
vt 0.30078125 0.62109375
vt 0.24609375 0.62109375
vt 0.24609375 0.62890625
vt 0.17578125 0.62890625
vt 0.17578125 0.68359375
vt 0.24609375 0.68359375
vt 0.31640625 0.68359375
vt 0.24609375 0.68359375
vt 0.24609375 0.62890625
vt 0.31640625 0.62890625
vn 0 -0.9990495104514179 0.04358985738428739
vn 1 0 0
vn 0 0.9990495104514179 -0.04358985738428739
vn -1 0 0
vn 0 -0.04358985738428739 -0.9990495104514179
vn 0 0.04358985738428739 0.9990495104514179
usemtl none
f 172/508/127 175/507/127 173/506/127 170/505/127
f 171/512/128 172/511/128 170/510/128 169/509/128
f 176/516/129 171/515/129 169/514/129 174/513/129
f 175/520/130 176/519/130 174/518/130 173/517/130
f 174/524/131 169/523/131 170/522/131 173/521/131
f 175/528/132 172/527/132 171/526/132 176/525/132
o UpperBody
v 0.6875 2.627121857433348 -0.2174748417195418
v 0.6875 1.565631752578717 -0.17116061824873663
v 0.6875 2.654365518298528 0.40693110231259433
v 0.6875 1.5928754134438965 0.4532453257833997
v -0.6875 1.565631752578717 -0.17116061824873663
v -0.6875 2.627121857433348 -0.2174748417195418
v -0.6875 1.5928754134438965 0.4532453257833997
v -0.6875 2.654365518298528 0.40693110231259433
vt 0.06640625 0.93359375
vt 0.15234375 0.93359375
vt 0.15234375 0.89453125
vt 0.06640625 0.89453125
vt 0 0.93359375
vt 0.06640625 0.93359375
vt 0.06640625 0.89453125
vt 0 0.89453125
vt 0.21875 0.93359375
vt 0.3046875 0.93359375
vt 0.3046875 0.89453125
vt 0.21875 0.89453125
vt 0.15234375 0.93359375
vt 0.21875 0.93359375
vt 0.21875 0.89453125
vt 0.15234375 0.89453125
vt 0.15234375 0.93359375
vt 0.06640625 0.93359375
vt 0.06640625 1
vt 0.15234375 1
vt 0.23828125 1
vt 0.15234375 1
vt 0.15234375 0.93359375
vt 0.23828125 0.93359375
vn 0 -0.9990495104514179 0.04358985738428739
vn 1 0 0
vn 0 0.9990495104514179 -0.04358985738428739
vn -1 0 0
vn 0 -0.04358985738428739 -0.9990495104514179
vn 0 0.04358985738428739 0.9990495104514179
usemtl none
f 180/532/133 183/531/133 181/530/133 178/529/133
f 179/536/134 180/535/134 178/534/134 177/533/134
f 184/540/135 179/539/135 177/538/135 182/537/135
f 183/544/136 184/543/136 182/542/136 181/541/136
f 182/548/137 177/547/137 178/546/137 181/545/137
f 183/552/138 180/551/138 179/550/138 184/549/138
o UpperBody
v 0.625 2.681389353577008 -0.40752099101570094
v 0.625 1.4950180599159493 -0.35575803537185946
v 0.625 2.7113573805287055 0.27932554741964877
v 0.625 1.5249860868676468 0.33108850306349025
v 0.25 1.4950180599159493 -0.35575803537185946
v 0.25 2.681389353577008 -0.40752099101570094
v 0.25 1.5249860868676468 0.33108850306349025
v 0.25 2.7113573805287055 0.27932554741964877
vt 0.07421875 0.61328125
vt 0.09765625 0.61328125
vt 0.09765625 0.5703125
vt 0.07421875 0.5703125
vt 0 0.61328125
vt 0.07421875 0.61328125
vt 0.07421875 0.5703125
vt 0 0.5703125
vt 0.171875 0.61328125
vt 0.1953125 0.61328125
vt 0.1953125 0.5703125
vt 0.171875 0.5703125
vt 0.09765625 0.61328125
vt 0.171875 0.61328125
vt 0.171875 0.5703125
vt 0.09765625 0.5703125
vt 0.09765625 0.61328125
vt 0.07421875 0.61328125
vt 0.07421875 0.6875
vt 0.09765625 0.6875
vt 0.12109375 0.6875
vt 0.09765625 0.6875
vt 0.09765625 0.61328125
vt 0.12109375 0.61328125
vn 0 -0.9990495104514179 0.04358985738428739
vn 1 0 0
vn 0 0.9990495104514179 -0.04358985738428739
vn -1 0 0
vn 0 -0.04358985738428739 -0.9990495104514179
vn 0 0.04358985738428739 0.9990495104514179
usemtl none
f 188/556/139 191/555/139 189/554/139 186/553/139
f 187/560/140 188/559/140 186/558/140 185/557/140
f 192/564/141 187/563/141 185/562/141 190/561/141
f 191/568/142 192/567/142 190/566/142 189/565/142
f 190/572/143 185/571/143 186/570/143 189/569/143
f 191/576/144 188/575/144 187/574/144 192/573/144
o UpperBody
v -0.25 2.681389353577008 -0.40752099101570094
v -0.25 1.4950180599159493 -0.35575803537185946
v -0.25 2.7113573805287055 0.27932554741964877
v -0.25 1.5249860868676468 0.33108850306349025
v -0.625 1.4950180599159493 -0.35575803537185946
v -0.625 2.681389353577008 -0.40752099101570094
v -0.625 1.5249860868676468 0.33108850306349025
v -0.625 2.7113573805287055 0.27932554741964877
vt 0.3046875 0.89453125
vt 0.328125 0.89453125
vt 0.328125 0.8515625
vt 0.3046875 0.8515625
vt 0.23046875 0.89453125
vt 0.3046875 0.89453125
vt 0.3046875 0.8515625
vt 0.23046875 0.8515625
vt 0.40234375 0.89453125
vt 0.42578125 0.89453125
vt 0.42578125 0.8515625
vt 0.40234375 0.8515625
vt 0.328125 0.89453125
vt 0.40234375 0.89453125
vt 0.40234375 0.8515625
vt 0.328125 0.8515625
vt 0.328125 0.89453125
vt 0.3046875 0.89453125
vt 0.3046875 0.96875
vt 0.328125 0.96875
vt 0.3515625 0.96875
vt 0.328125 0.96875
vt 0.328125 0.89453125
vt 0.3515625 0.89453125
vn 0 -0.9990495104514179 0.04358985738428739
vn 1 0 0
vn 0 0.9990495104514179 -0.04358985738428739
vn -1 0 0
vn 0 -0.04358985738428739 -0.9990495104514179
vn 0 0.04358985738428739 0.9990495104514179
usemtl none
f 196/580/145 199/579/145 197/578/145 194/577/145
f 195/584/146 196/583/146 194/582/146 193/581/146
f 200/588/147 195/587/147 193/586/147 198/585/147
f 199/592/148 200/591/148 198/590/148 197/589/148
f 198/596/149 193/595/149 194/594/149 197/593/149
f 199/600/150 196/599/150 195/598/150 200/597/150
o UpperBody
v -0.6875 2.380083845907012 -0.14413678297025667
v -0.6875 1.8181184962780892 -0.11961748819159501
v -0.6875 2.4018787745991554 0.3553879722554525
v -0.6875 1.839913424970233 0.37990726703411415
v -0.75 1.8181184962780892 -0.11961748819159501
v -0.75 2.380083845907012 -0.14413678297025667
v -0.75 1.839913424970233 0.37990726703411415
v -0.75 2.4018787745991554 0.3553879722554525
vt 0.21875 0.328125
vt 0.22265625 0.328125
vt 0.22265625 0.296875
vt 0.21875 0.296875
vt 0.18359375 0.328125
vt 0.21875 0.328125
vt 0.21875 0.296875
vt 0.18359375 0.296875
vt 0.2578125 0.328125
vt 0.26171875 0.328125
vt 0.26171875 0.296875
vt 0.2578125 0.296875
vt 0.22265625 0.328125
vt 0.2578125 0.328125
vt 0.2578125 0.296875
vt 0.22265625 0.296875
vt 0.22265625 0.328125
vt 0.21875 0.328125
vt 0.21875 0.36328125
vt 0.22265625 0.36328125
vt 0.2265625 0.36328125
vt 0.22265625 0.36328125
vt 0.22265625 0.328125
vt 0.2265625 0.328125
vn 0 -0.9990495104514179 0.04358985738428739
vn 1 0 0
vn 0 0.9990495104514179 -0.04358985738428739
vn -1 0 0
vn 0 -0.04358985738428739 -0.9990495104514179
vn 0 0.04358985738428739 0.9990495104514179
usemtl none
f 204/604/151 207/603/151 205/602/151 202/601/151
f 203/608/152 204/607/152 202/606/152 201/605/152
f 208/612/153 203/611/153 201/610/153 206/609/153
f 207/616/154 208/615/154 206/614/154 205/613/154
f 206/620/155 201/619/155 202/618/155 205/617/155
f 207/624/156 204/623/156 203/622/156 208/621/156
o UpperBody
v 0.75 2.380083845907012 -0.14413678297025667
v 0.75 1.8181184962780892 -0.11961748819159501
v 0.75 2.4018787745991554 0.3553879722554525
v 0.75 1.839913424970233 0.37990726703411415
v 0.6875 1.8181184962780892 -0.11961748819159501
v 0.6875 2.380083845907012 -0.14413678297025667
v 0.6875 1.839913424970233 0.37990726703411415
v 0.6875 2.4018787745991554 0.3553879722554525
vt 0.03515625 0.328125
vt 0.0390625 0.328125
vt 0.0390625 0.296875
vt 0.03515625 0.296875
vt 0 0.328125
vt 0.03515625 0.328125
vt 0.03515625 0.296875
vt 0 0.296875
vt 0.07421875 0.328125
vt 0.078125 0.328125
vt 0.078125 0.296875
vt 0.07421875 0.296875
vt 0.0390625 0.328125
vt 0.07421875 0.328125
vt 0.07421875 0.296875
vt 0.0390625 0.296875
vt 0.0390625 0.328125
vt 0.03515625 0.328125
vt 0.03515625 0.36328125
vt 0.0390625 0.36328125
vt 0.04296875 0.36328125
vt 0.0390625 0.36328125
vt 0.0390625 0.328125
vt 0.04296875 0.328125
vn 0 -0.9990495104514179 0.04358985738428739
vn 1 0 0
vn 0 0.9990495104514179 -0.04358985738428739
vn -1 0 0
vn 0 -0.04358985738428739 -0.9990495104514179
